data,sintomas_leves,terapia_intensiva,total_hospitalizado,isolamento_domiciliar,total_actualmente_positivo,novo_actualmente_positivo,recuperados,mortos,total_casos
2020-03-21T20:00:00,2,0,2,0,2,2,0,0,2
2020-03-22T20:00:00,2,0,2,0,2,0,0,0,2
2020-03-23T20:00:00,3,0,3,0,3,1,0,0,3
2020-03-24T20:00:00,3,0,3,0,3,0,0,0,3
2020-03-25T20:00:00,3,0,3,0,3,0,0,0,3
2020-03-26T20:00:00,4,0,4,0,4,1,0,0,4
2020-03-27T20:00:00,4,0,4,0,4,0,0,0,4
2020-03-28T20:00:00,5,0,5,0,5,1,0,0,5
2020-03-29T20:00:00,5,0,5,0,5,2,0,2,7
2020-03-30T20:00:00,4,0,4,0,4,0,1,0,7
2020-03-31T20:00:00,4,0,4,0,4,0,0,0,7
2020-04-01T20:00:00,5,0,5,0,5,1,0,0,8
2020-04-02T20:00:00,5,0,5,0,5,0,0,0,8
2020-04-03T20:00:00,5,0,5,0,5,0,0,0,8
2020-04-04T20:00:00,6,0,6,0,6,2,1,0,10
2020-04-05T20:00:00,10,0,10,0,10,4,0,0,14
2020-04-06T20:00:00,12,0,12,0,12,2,0,0,16
2020-04-07T20:00:00,13,0,13,0,13,1,0,0,17
2020-04-08T20:00:00,15,0,15,0,15,2,0,0,19
2020-04-09T20:00:00,15,0,15,0,15,0,0,0,19
2020-04-10T20:00:00,15,0,15,0,15,0,0,0,19
2020-04-11T20:00:00,13,0,13,0,13,0,2,0,19
2020-04-12T20:00:00,13,0,13,0,13,0,0,0,19
2020-04-13T20:00:00,13,0,13,0,13,0,0,0,19
2020-04-14T20:00:00,12,0,12,0,12,0,1,0,19
2020-04-15T20:00:00,12,0,12,0,12,0,0,0,19
2020-04-16T20:00:00,12,0,12,0,12,0,0,0,19
2020-04-17T20:00:00,12,0,12,0,12,0,0,0,19
2020-04-18T20:00:00,16,0,16,0,16,5,1,0,24
2020-04-19T20:00:00,16,0,16,0,16,0,0,0,24
2020-04-20T20:00:00,16,0,16,0,16,0,0,0,24
2020-04-21T20:00:00,16,0,16,0,16,0,0,0,24
2020-04-22T20:00:00,17,0,17,0,17,1,0,0,25
2020-04-23T20:00:00,17,0,17,0,17,0,0,0,25
2020-04-24T20:00:00,17,0,17,0,17,0,0,0,25
2020-04-25T20:00:00,17,0,17,0,17,0,0,0,25
2020-04-26T20:00:00,18,0,18,0,18,1,0,0,26
2020-04-27T20:00:00,19,0,19,0,19,1,0,0,27
2020-04-28T20:00:00,18,0,18,0,18,0,1,0,27
2020-04-29T20:00:00,18,0,18,0,18,0,0,0,27
2020-04-30T20:00:00,18,0,18,0,18,0,0,0,27
2020-05-01T20:00:00,17,0,17,0,17,3,4,0,30
2020-05-02T20:00:00,22,0,22,0,22,5,0,0,35
2020-05-03T20:00:00,22,0,22,0,22,0,0,0,35
2020-05-04T20:00:00,22,0,22,0,22,0,0,0,35
2020-05-05T20:00:00,23,0,23,0,23,1,0,0,36
2020-05-06T20:00:00,23,0,23,0,23,0,0,0,36
2020-05-07T20:00:00,23,0,23,0,23,0,0,0,36
2020-05-08T20:00:00,30,0,30,0,30,7,0,0,43
2020-05-09T20:00:00,28,0,28,0,28,0,2,0,43
2020-05-10T20:00:00,30,0,30,0,30,2,0,0,45
2020-05-11T20:00:00,30,0,30,0,30,0,0,0,45
2020-05-12T20:00:00,29,0,29,0,29,0,1,0,45
2020-05-13T20:00:00,29,0,29,0,29,0,0,0,45
2020-05-14T20:00:00,32,0,32,0,32,3,0,0,48
2020-05-15T20:00:00,29,0,29,0,29,0,3,0,48
2020-05-16T20:00:00,29,0,29,0,29,0,0,0,48
2020-05-17T20:00:00,29,0,29,0,29,0,0,0,48
2020-05-18T20:00:00,30,0,30,0,30,2,0,1,50