Date,Days Since First Case,New Confirmed Cases,New Deaths,Recovered Cases,Total Confirmed Cases,Total Confirmed Deaths,Total Recovered Cases,New Confirmed Cases per 100.000 people,New Confirmed Deaths per 100.000 people,Total Confirmed Cases per 100.000 people,Total Confirmed Deaths per 100.000 people
2020-03-21,0,2,0,0,2,0,0,0.006,0.000,0.006,0.000
2020-03-22,1,0,0,0,2,0,0,0.000,0.000,0.006,0.000
2020-03-23,2,1,0,0,3,0,0,0.003,0.000,0.009,0.000
2020-03-24,3,0,0,0,3,0,0,0.000,0.000,0.009,0.000
2020-03-25,4,0,0,0,3,0,0,0.000,0.000,0.009,0.000
2020-03-26,5,1,0,0,4,0,0,0.003,0.000,0.012,0.000
2020-03-27,6,0,0,0,4,0,0,0.000,0.000,0.012,0.000
2020-03-28,7,1,0,0,5,0,0,0.003,0.000,0.015,0.000
2020-03-29,8,2,2,0,7,2,0,0.006,0.006,0.021,0.006
2020-03-30,9,0,0,1,7,2,1,0.000,0.000,0.021,0.006
2020-03-31,10,0,0,0,7,2,1,0.000,0.000,0.021,0.006
2020-04-01,11,1,0,0,8,2,1,0.003,0.000,0.024,0.006
2020-04-02,12,0,0,0,8,2,1,0.000,0.000,0.024,0.006
2020-04-03,13,0,0,0,8,2,1,0.000,0.000,0.024,0.006
2020-04-04,14,2,0,1,10,2,2,0.006,0.000,0.030,0.006
2020-04-05,15,4,0,0,14,2,2,0.012,0.000,0.043,0.006
2020-04-06,16,2,0,0,16,2,2,0.006,0.000,0.049,0.006
2020-04-07,17,1,0,0,17,2,2,0.003,0.000,0.052,0.006
2020-04-08,18,2,0,0,19,2,2,0.006,0.000,0.058,0.006
2020-04-09,19,0,0,0,19,2,2,0.000,0.000,0.058,0.006
2020-04-10,20,0,0,0,19,2,2,0.000,0.000,0.058,0.006
2020-04-11,21,0,0,2,19,2,4,0.000,0.000,0.058,0.006
2020-04-12,22,0,0,0,19,2,4,0.000,0.000,0.058,0.006
2020-04-13,23,0,0,0,19,2,4,0.000,0.000,0.058,0.006
2020-04-14,24,0,0,1,19,2,5,0.000,0.000,0.058,0.006
2020-04-15,25,0,0,0,19,2,5,0.000,0.000,0.058,0.006
2020-04-16,26,0,0,0,19,2,5,0.000,0.000,0.058,0.006
2020-04-17,27,0,0,0,19,2,5,0.000,0.000,0.058,0.006
2020-04-18,28,5,0,1,24,2,6,0.015,0.000,0.073,0.006
2020-04-19,29,0,0,0,24,2,6,0.000,0.000,0.073,0.006
2020-04-20,30,0,0,0,24,2,6,0.000,0.000,0.073,0.006
2020-04-21,31,0,0,0,24,2,6,0.000,0.000,0.073,0.006
2020-04-22,32,1,0,0,25,2,6,0.003,0.000,0.076,0.006
2020-04-23,33,0,0,0,25,2,6,0.000,0.000,0.076,0.006
2020-04-24,34,0,0,0,25,2,6,0.000,0.000,0.076,0.006
2020-04-25,35,0,0,0,25,2,6,0.000,0.000,0.076,0.006
2020-04-26,36,1,0,0,26,2,6,0.003,0.000,0.079,0.006
2020-04-27,37,1,0,0,27,2,6,0.003,0.000,0.082,0.006
2020-04-28,38,0,0,1,27,2,7,0.000,0.000,0.082,0.006
2020-04-29,39,0,0,0,27,2,7,0.000,0.000,0.082,0.006
2020-04-30,40,0,0,0,27,2,7,0.000,0.000,0.082,0.006
2020-05-01,41,3,0,4,30,2,11,0.009,0.000,0.091,0.006
2020-05-02,42,5,0,0,35,2,11,0.015,0.000,0.106,0.006
2020-05-03,43,0,0,0,35,2,11,0.000,0.000,0.106,0.006
2020-05-04,44,0,0,0,35,2,11,0.000,0.000,0.106,0.006
2020-05-05,45,1,0,0,36,2,11,0.003,0.000,0.110,0.006
2020-05-06,46,0,0,0,36,2,11,0.000,0.000,0.110,0.006
2020-05-07,47,0,0,0,36,2,11,0.000,0.000,0.110,0.006
2020-05-08,48,7,0,0,43,2,11,0.021,0.000,0.131,0.006
2020-05-09,49,0,0,2,43,2,13,0.000,0.000,0.131,0.006
2020-05-10,50,2,0,0,45,2,13,0.006,0.000,0.137,0.006
2020-05-11,51,0,0,0,45,2,13,0.000,0.000,0.137,0.006
2020-05-12,52,0,0,1,45,2,14,0.000,0.000,0.137,0.006
2020-05-13,53,0,0,0,45,2,14,0.000,0.000,0.137,0.006
2020-05-14,54,3,0,0,48,2,14,0.009,0.000,0.146,0.006
2020-05-15,55,0,0,3,48,2,17,0.000,0.000,0.146,0.006
2020-05-16,56,0,0,0,48,2,17,0.000,0.000,0.146,0.006
2020-05-17,57,0,0,0,48,2,17,0.000,0.000,0.146,0.006
2020-05-18,58,2,1,0,50,3,17,0.006,0.003,0.152,0.009
2020-05-19,59,2,0,0,52,3,17,0.006,0.000,0.158,0.009
2020-05-20,60,6,0,0,58,3,17,0.018,0.000,0.176,0.009
2020-05-21,61,2,0,1,60,3,18,0.006,0.000,0.183,0.009
2020-05-22,62,0,0,0,60,3,18,0.000,0.000,0.183,0.009
2020-05-23,63,1,1,0,61,4,18,0.003,0.003,0.186,0.012
2020-05-24,64,8,0,0,69,4,18,0.024,0.000,0.210,0.012
2020-05-25,65,1,0,0,70,4,18,0.003,0.000,0.213,0.012
2020-05-26,66,1,0,0,71,4,18,0.003,0.000,0.216,0.012
2020-05-27,67,2,0,0,73,4,18,0.006,0.000,0.222,0.012
2020-05-28,68,4,0,0,77,4,18,0.012,0.000,0.234,0.012
2020-05-29,69,4,0,0,81,4,18,0.012,0.000,0.246,0.012
2020-05-30,70,3,0,0,84,4,18,0.009,0.000,0.256,0.012
2020-05-31,71,2,0,0,86,4,18,0.006,0.000,0.262,0.012
2020-06-01,72,0,0,0,86,4,18,0.000,0.000,0.262,0.012
2020-06-02,73,0,0,0,86,4,18,0.000,0.000,0.262,0.012
2020-06-03,74,0,0,0,86,4,18,0.000,0.000,0.262,0.012
2020-06-04,75,0,0,1,86,4,19,0.000,0.000,0.262,0.012
2020-06-05,76,0,0,2,86,4,21,0.000,0.000,0.262,0.012
2020-06-06,77,2,0,3,88,4,24,0.006,0.000,0.268,0.012
2020-06-07,78,3,0,0,91,4,24,0.009,0.000,0.277,0.012
2020-06-08,79,1,0,14,92,4,38,0.003,0.000,0.280,0.012
2020-06-09,80,4,0,0,96,4,38,0.012,0.000,0.292,0.012
2020-06-10,81,17,0,2,113,4,40,0.052,0.000,0.344,0.012
2020-06-11,82,5,1,1,118,5,41,0.015,0.003,0.359,0.015
2020-06-12,83,12,0,1,130,5,42,0.037,0.000,0.396,0.015
2020-06-13,84,8,1,19,138,6,61,0.024,0.003,0.420,0.018
2020-06-14,85,2,0,0,140,6,61,0.006,0.000,0.426,0.018
2020-06-15,86,2,0,3,142,6,64,0.006,0.000,0.432,0.018
2020-06-16,87,6,0,0,148,6,64,0.018,0.000,0.450,0.018
2020-06-17,88,7,1,0,155,7,64,0.021,0.003,0.472,0.021
2020-06-18,89,11,1,0,166,8,64,0.033,0.003,0.505,0.024
2020-06-19,90,6,0,2,172,8,66,0.018,0.000,0.523,0.024
2020-06-20,91,4,1,0,176,9,66,0.012,0.003,0.536,0.027
2020-06-21,92,7,0,11,183,9,77,0.021,0.000,0.557,0.027
2020-06-22,93,3,1,0,186,10,77,0.009,0.003,0.566,0.030
2020-06-23,94,3,0,0,189,10,77,0.009,0.000,0.575,0.030
2020-06-24,95,8,0,0,197,10,77,0.024,0.000,0.599,0.030
2020-06-25,96,15,0,4,212,10,81,0.046,0.000,0.645,0.030
2020-06-26,97,32,0,0,244,10,81,0.097,0.000,0.742,0.030
2020-06-27,98,15,0,2,259,10,83,0.046,0.000,0.788,0.030
2020-06-28,99,8,1,10,267,11,93,0.024,0.003,0.812,0.033
2020-06-29,100,9,0,0,276,11,93,0.027,0.000,0.840,0.033
2020-06-30,101,8,2,0,284,13,93,0.024,0.006,0.864,0.040
2020-07-01,102,7,2,4,291,15,97,0.021,0.006,0.885,0.046
2020-07-02,103,24,2,0,315,17,97,0.073,0.006,0.958,0.052
2020-07-03,104,13,1,10,328,18,107,0.040,0.003,0.998,0.055
2020-07-04,105,18,1,1,346,19,108,0.055,0.003,1.053,0.058
2020-07-05,106,7,0,0,353,19,108,0.021,0.000,1.074,0.058
2020-07-06,107,0,0,0,353,19,108,0.000,0.000,1.074,0.058
2020-07-07,108,33,2,9,386,21,117,0.100,0.006,1.174,0.064
2020-07-08,109,10,1,0,396,22,117,0.030,0.003,1.205,0.067
2020-07-09,110,62,1,0,458,23,117,0.189,0.003,1.394,0.070
2020-07-10,111,4,0,1,462,23,118,0.012,0.000,1.406,0.070
2020-07-11,112,21,2,0,483,25,118,0.064,0.006,1.470,0.076
2020-07-12,113,23,1,0,506,26,118,0.070,0.003,1.540,0.079
2020-07-13,114,19,0,0,525,26,118,0.058,0.000,1.597,0.079
2020-07-14,115,16,0,0,541,26,118,0.049,0.000,1.646,0.079
2020-07-15,116,35,1,6,576,27,124,0.106,0.003,1.753,0.082
2020-07-16,117,31,1,0,607,28,124,0.094,0.003,1.847,0.085
2020-07-17,118,31,1,75,638,29,199,0.094,0.003,1.941,0.088
2020-07-18,119,49,0,11,687,29,210,0.149,0.000,2.090,0.088
2020-07-19,120,18,0,11,705,29,221,0.055,0.000,2.145,0.088
2020-07-20,121,44,0,0,749,29,221,0.134,0.000,2.279,0.088
2020-07-21,122,30,1,0,779,30,221,0.091,0.003,2.370,0.091
2020-07-22,123,33,3,5,812,33,226,0.100,0.009,2.471,0.100
2020-07-23,124,39,0,10,851,33,236,0.119,0.000,2.589,0.100
2020-07-24,125,29,2,5,880,35,241,0.088,0.006,2.678,0.106
2020-07-25,126,36,4,1,916,39,242,0.110,0.012,2.787,0.119
2020-07-26,127,16,1,0,932,40,242,0.049,0.003,2.836,0.122
2020-07-27,128,18,1,0,950,41,242,0.055,0.003,2.891,0.125
2020-07-28,129,50,6,24,1000,47,266,0.152,0.018,3.043,0.143
2020-07-29,130,78,1,35,1078,48,301,0.237,0.003,3.280,0.146
2020-07-30,131,31,3,94,1109,51,395,0.094,0.009,3.374,0.155
2020-07-31,132,39,1,38,1148,52,433,0.119,0.003,3.493,0.158
2020-08-01,133,16,2,23,1164,54,456,0.049,0.006,3.542,0.164
2020-08-02,134,35,1,1,1199,55,457,0.106,0.003,3.648,0.167
2020-08-03,135,81,3,15,1280,58,472,0.246,0.009,3.895,0.176
2020-08-04,136,64,1,27,1344,59,499,0.195,0.003,4.089,0.180
2020-08-05,137,51,3,3,1395,62,502,0.155,0.009,4.244,0.189
2020-08-06,138,88,2,14,1483,64,516,0.268,0.006,4.512,0.195
2020-08-07,139,55,3,24,1538,67,540,0.167,0.009,4.680,0.204
2020-08-08,140,34,3,17,1572,70,557,0.103,0.009,4.783,0.213
2020-08-09,141,100,5,3,1672,75,560,0.304,0.015,5.087,0.228
2020-08-10,142,7,3,2,1679,78,562,0.021,0.009,5.109,0.237
2020-08-11,143,56,2,6,1735,80,568,0.170,0.006,5.279,0.243
2020-08-12,144,27,0,2,1762,80,570,0.082,0.000,5.361,0.243
2020-08-13,145,53,3,7,1815,83,577,0.161,0.009,5.522,0.253
2020-08-14,146,37,3,0,1852,86,577,0.113,0.009,5.635,0.262
2020-08-15,147,27,0,44,1879,86,621,0.082,0.000,5.717,0.262
2020-08-16,148,27,2,0,1906,88,621,0.082,0.006,5.799,0.268
2020-08-17,149,29,0,4,1935,88,625,0.088,0.000,5.887,0.268
2020-08-18,150,31,2,35,1966,90,660,0.094,0.006,5.982,0.274
2020-08-19,151,49,2,31,2015,92,691,0.149,0.006,6.131,0.280
2020-08-20,152,29,1,44,2044,93,735,0.088,0.003,6.219,0.283
2020-08-21,153,24,1,62,2068,94,797,0.073,0.003,6.292,0.286
2020-08-22,154,66,0,10,2134,94,807,0.201,0.000,6.493,0.286
2020-08-23,155,37,2,4,2171,96,811,0.113,0.006,6.606,0.292
2020-08-24,156,51,4,59,2222,100,870,0.155,0.012,6.761,0.304
2020-08-25,157,61,2,34,2283,102,904,0.186,0.006,6.946,0.310
2020-08-26,158,49,1,35,2332,103,939,0.149,0.003,7.095,0.313
2020-08-27,159,83,2,29,2415,105,968,0.253,0.006,7.348,0.319
2020-08-28,160,56,1,53,2471,106,1021,0.170,0.003,7.518,0.323
2020-08-29,161,80,1,13,2551,107,1034,0.243,0.003,7.762,0.326
2020-08-30,162,73,0,22,2624,107,1056,0.222,0.000,7.984,0.326
2020-08-31,163,30,1,8,2654,108,1064,0.091,0.003,8.075,0.329
2020-09-01,164,75,1,13,2729,109,1077,0.228,0.003,8.303,0.332
2020-09-02,165,48,3,31,2777,112,1108,0.146,0.009,8.449,0.341
2020-09-03,166,28,1,29,2805,113,1137,0.085,0.003,8.535,0.344
2020-09-04,167,71,2,23,2876,115,1160,0.216,0.006,8.751,0.350
2020-09-05,168,59,2,25,2935,117,1185,0.180,0.006,8.930,0.356
2020-09-06,169,30,0,6,2965,117,1191,0.091,0.000,9.021,0.356
2020-09-07,170,16,3,17,2981,120,1208,0.049,0.009,9.070,0.365
2020-09-08,171,52,4,0,3033,124,1208,0.158,0.012,9.228,0.377
2020-09-09,172,59,2,30,3092,126,1238,0.180,0.006,9.408,0.383
2020-09-10,173,125,4,32,3217,130,1270,0.380,0.012,9.788,0.396
2020-09-11,174,62,1,11,3279,131,1281,0.189,0.003,9.977,0.399
2020-09-12,175,56,1,1,3335,132,1282,0.170,0.003,10.147,0.402
2020-09-13,176,53,2,12,3388,134,1294,0.161,0.006,10.308,0.408
2020-09-14,177,51,2,23,3439,136,1317,0.155,0.006,10.464,0.414
2020-09-15,178,130,3,8,3569,139,1325,0.396,0.009,10.859,0.423
2020-09-16,179,106,4,69,3675,143,1394,0.323,0.012,11.182,0.435
2020-09-17,180,114,1,4,3789,144,1398,0.347,0.003,11.529,0.438
2020-09-18,181,59,3,38,3848,147,1436,0.180,0.009,11.708,0.447
2020-09-19,182,53,0,2,3901,147,1438,0.161,0.000,11.869,0.447
2020-09-20,183,90,5,0,3991,152,1438,0.274,0.015,12.143,0.462
2020-09-21,184,126,2,4,4117,154,1442,0.383,0.006,12.527,0.469
2020-09-22,185,119,1,13,4236,155,1455,0.362,0.003,12.889,0.472
2020-09-23,186,127,4,11,4363,159,1466,0.386,0.012,13.275,0.484
2020-09-24,187,112,3,30,4475,162,1496,0.341,0.009,13.616,0.493
2020-09-25,188,115,5,51,4590,167,1547,0.350,0.015,13.966,0.508
2020-09-26,189,82,4,85,4672,171,1632,0.249,0.012,14.215,0.520
2020-09-27,190,46,3,68,4718,174,1700,0.140,0.009,14.355,0.529
2020-09-28,191,79,2,106,4797,176,1806,0.240,0.006,14.596,0.536
2020-09-29,192,108,3,20,4905,179,1826,0.329,0.009,14.924,0.545
2020-09-30,193,67,4,108,4972,183,1934,0.204,0.012,15.128,0.557
2020-10-01,194,142,2,141,5114,185,2075,0.432,0.006,15.560,0.563
2020-10-02,195,97,4,133,5211,189,2208,0.295,0.012,15.855,0.575
2020-10-03,196,159,3,220,5370,192,2428,0.484,0.009,16.339,0.584
2020-10-04,197,32,3,142,5402,195,2570,0.097,0.009,16.436,0.593
2020-10-05,198,128,4,14,5530,199,2584,0.389,0.012,16.826,0.605
2020-10-06,199,195,2,7,5725,201,2591,0.593,0.006,17.419,0.612
2020-10-07,200,138,5,17,5863,206,2608,0.420,0.015,17.839,0.627
2020-10-08,201,95,2,20,5958,208,2628,0.289,0.006,18.128,0.633
2020-10-09,202,73,4,50,6031,212,2678,0.222,0.012,18.350,0.645
2020-10-10,203,215,6,31,6246,218,2709,0.654,0.018,19.004,0.663
2020-10-11,204,120,0,27,6366,218,2736,0.365,0.000,19.369,0.663
2020-10-12,205,122,1,1,6488,219,2737,0.371,0.003,19.741,0.666
2020-10-13,206,192,3,17,6680,222,2754,0.584,0.009,20.325,0.675
2020-10-14,207,166,5,40,6846,227,2794,0.505,0.015,20.830,0.691
2020-10-15,208,250,1,127,7096,228,2921,0.761,0.003,21.591,0.694
2020-10-16,209,126,6,84,7222,234,3005,0.383,0.018,21.974,0.712
2020-10-17,210,240,7,10,7462,241,3015,0.730,0.021,22.704,0.733
2020-10-18,211,160,6,8,7622,247,3023,0.487,0.018,23.191,0.752
2020-10-19,212,207,1,1,7829,248,3024,0.630,0.003,23.821,0.755
2020-10-20,213,220,3,6,8049,251,3030,0.669,0.009,24.490,0.764
2020-10-21,214,289,4,3,8338,255,3033,0.879,0.012,25.369,0.776
2020-10-22,215,244,5,265,8582,260,3298,0.742,0.015,26.112,0.791
2020-10-23,216,247,5,79,8829,265,3377,0.752,0.015,26.863,0.806
2020-10-24,217,197,2,77,9026,267,3454,0.599,0.006,27.463,0.812
2020-10-25,218,355,1,47,9381,268,3501,1.080,0.003,28.543,0.815
2020-10-26,219,263,2,22,9644,270,3523,0.800,0.006,29.343,0.822
2020-10-27,220,227,1,117,9871,271,3640,0.691,0.003,30.034,0.825
2020-10-28,221,203,4,46,10074,275,3686,0.618,0.012,30.651,0.837
2020-10-29,222,195,0,43,10269,275,3729,0.593,0.000,31.245,0.837
2020-10-30,223,289,4,371,10558,279,4100,0.879,0.012,32.124,0.849
2020-10-31,224,247,5,416,10805,284,4516,0.752,0.015,32.876,0.864
2020-11-01,225,230,2,397,11035,286,4913,0.700,0.006,33.575,0.870
2020-11-02,226,193,3,252,11228,289,5165,0.587,0.009,34.163,0.879
2020-11-03,227,349,2,58,11577,291,5223,1.062,0.006,35.225,0.885
2020-11-04,228,236,5,36,11813,296,5259,0.718,0.015,35.943,0.901
2020-11-05,229,289,3,84,12102,299,5343,0.879,0.009,36.822,0.910
2020-11-06,230,121,1,276,12223,300,5619,0.368,0.003,37.190,0.913
2020-11-07,231,112,3,21,12335,303,5640,0.341,0.009,37.531,0.922
2020-11-08,232,98,4,252,12433,307,5892,0.298,0.012,37.829,0.934
2020-11-09,233,247,1,28,12680,308,5920,0.752,0.003,38.581,0.937
2020-11-10,234,136,0,109,12816,308,6029,0.414,0.000,38.994,0.937
2020-11-11,235,137,4,89,12953,312,6118,0.417,0.012,39.411,0.949
2020-11-12,236,104,3,125,13057,315,6243,0.316,0.009,39.728,0.958
2020-11-13,237,171,2,76,13228,317,6319,0.520,0.006,40.248,0.965
2020-11-14,238,146,5,19,13374,322,6338,0.444,0.015,40.692,0.980
2020-11-15,239,77,0,102,13451,322,6440,0.234,0.000,40.926,0.980
2020-11-16,240,164,2,76,13615,324,6516,0.499,0.006,41.425,0.986
2020-11-17,241,203,4,59,13818,328,6575,0.618,0.012,42.043,0.998
2020-11-18,242,104,4,41,13922,332,6616,0.316,0.012,42.360,1.010
2020-11-19,243,212,1,439,14134,333,7055,0.645,0.003,43.005,1.013
